0 0.014461436170212767 0.4441489361702128 0.026928191489361705 0.05851063829787236
0 0.04089095744680851 0.4476950354609929 0.025930851063829793 0.05141843971631211
0 0.06432845744680851 0.43794326241134757 0.022938829787234046 0.053191489361702156
0 0.16156914893617022 0.44148936170212766 0.033909574468085124 0.07446808510638306
0 0.1919880319148936 0.44858156028368795 0.02892287234042552 0.049645390070922064
0 0.28474069148936176 0.4512411347517731 0.03490691489361701 0.07269503546099294
0 0.4642619680851064 0.4361702127659574 0.030917553191489304 0.06737588652482274
0 0.5031582446808511 0.4343971631205673 0.03490691489361701 0.053191489361702156
0 0.609873670212766 0.44326241134751776 0.032912234042553126 0.04964539007092199
0 0.8587101063829786 0.4131205673758865 0.031914893617021246 0.07446808510638299
