0 0.07679521276595745 0.4051418439716312 0.027925531914893602 0.06560283687943269
0 0.3655252659574469 0.4255319148936171 0.024933510638297917 0.05673758865248232
0 0.3939494680851064 0.4210992907801419 0.021941489361702152 0.06205673758865252
0 0.42137632978723405 0.4193262411347518 0.02293882978723403 0.04078014184397162
0 0.5196143617021276 0.42907801418439717 0.02593085106382972 0.05673758865248225
0 0.5480385638297873 0.4281914893617021 0.02293882978723403 0.07624113475177303
0 0.6353058510638299 0.43262411347517726 0.03191489361702146 0.06028368794326241
0 0.8262965425531915 0.4086879432624113 0.03291223404255305 0.07624113475177303
0 0.8721742021276597 0.4104609929078014 0.030917553191489304 0.07269503546099287
0 0.9837101063829787 0.4219858156028369 0.0325797872340425 0.07092198581560283
