0 0.3440824468085107 0.549645390070922 0.027925531914893612 0.05673758865248225
0 0.4622672872340426 0.5372340425531914 0.028922872340425555 0.05319148936170208
0 0.5216090425531915 0.5363475177304964 0.019946808510638264 0.03723404255319153
0 0.546743201561123 0.5521278209808992 0.02042800143328911 0.041158639924849326
0 0.5714837810747732 0.5501102405924262 0.024513601719947004 0.041965672080238436
0 0.6037146277806292 0.5650403354671263 0.026329424069572695 0.04922896147874127
0 0.6379882746298144 0.5509172727478154 0.02133591260810178 0.03389535052634628
0 0.6563734759197746 0.533162565329253 0.025421512894759673 0.03712347914790314
0 0.6770284551467669 0.5186359865322474 0.023151734957727682 0.04357973639101665
0 0.701769034660417 0.525092243775361 0.02360569054513391 0.048421929323351875
0 0.7512501936877173 0.5359871778731153 0.02360569054513405 0.047614897167962834
0 0.7809457521604631 0.5335484174309546 0.021220409115448292 0.03724763794103993
0 0.8028376932099445 0.5340259512507116 0.020951796341835093 0.03724763794103993
0 0.869587967452842 0.5282955454136286 0.019608732473768528 0.03820270558055377
0 0.8905397637946768 0.5309219814222915 0.02068318356822175 0.037725171760796955
0 0.9152521389670976 0.5438153945557285 0.02122040911544815 0.04727584815593545
0 0.9609163104813533 0.5321158159716838 0.02175763466267469 0.039157773220067756
0 0.990189506306598 0.538761115163448 0.01962098738680396 0.04333495662283091
