0 0.7295545212765958 0.5487588652482269 0.026928191489361524 0.04078014184397162
0 0.681183510638298 0.5620567375886525 0.027925531914893612 0.035460992907801414
0 0.5460438829787234 0.548758865248227 0.02692819148936181 0.05141843971631211
0 0.46476063829787234 0.5523049645390071 0.025930851063829793 0.03368794326241129
0 0.3660239361702128 0.5602836879432624 0.021941489361702152 0.03191489361702132
0 0.33759973404255317 0.5460992907801417 0.018949468085106388 0.039007092198581506
0 0.2982047872340426 0.550531914893617 0.021941489361702083 0.04078014184397162
0 0.26080452127659576 0.5523049645390071 0.030917553191489377 0.030141843971631204
0 0.23038563829787237 0.5673758865248227 0.025930851063829793 0.031914893617021246
0 0.16705452127659576 0.5540780141843971 0.018949468085106388 0.02304964539007088
0 0.14361702127659576 0.5398936170212765 0.023936170212765954 0.04787234042553187
0 0.11070478723404255 0.5469858156028369 0.01795212765957448 0.04432624113475178
0 0.08826462765957446 0.5567375886524822 0.0209441489361702 0.0460992907801419
0 0.04457380800571901 0.5513201265228352 0.017149892469154868 0.0345293685055006
0 0.06399657779006308 0.5544424630366305 0.013843889101606938 0.0422433763631124
