0 0.1641364145880572 0.5679013151350395 0.0185287994859765 0.043075499659706154
0 0.2193664899789487 0.5476304917657662 0.020666737888204594 0.038007793817387704
0 0.2407458740012293 0.553965124068664 0.02209203015635662 0.040541646738546856
0 0.2639068733587 0.5647339989835906 0.021379384022280627 0.031673161514489866
0 0.2931253648558168 0.5552320505292436 0.019954091754128492 0.04307549965970601
0 0.32840134849257974 0.5463635653051866 0.01924144562005253 0.040541646738547
0 0.3465738249115182 0.5596662931412721 0.012827630413368353 0.03420701443564887
0 0.3640336551963807 0.5558655137595334 0.016390861083748404 0.041808573199126474
0 0.41534417684985414 0.5653674622138803 0.020666737888204594 0.03547394089622855
0 0.4324476840676786 0.5615666828321416 0.014965568815596414 0.03294008797506926
0 0.44883854515142707 0.5602997563715619 0.023517322424508647 0.040541646738547
0 0.482689236520038 0.5577659034504028 0.019954091754128454 0.038007793817387704
0 0.5243790353634852 0.5533316608383743 0.026367906960812704 0.026605455672171558
0 0.5582297267320961 0.5647339989835906 0.02280467629043258 0.04434242612028555
0 0.6612070931060807 0.5571324402201131 0.01924144562005253 0.04687627904144485
0 0.7531384444018875 0.553965124068664 0.026367906960812773 0.040541646738546856
0 0.9456342684837975 0.5576418983912416 0.02530104618021383 0.043908693900053496
0 0.8956345819848036 0.5683513359278402 0.03012029307168305 0.04390869390005335
