0 0.3342631080956252 0.562414376992283 0.02095179634183502 0.04097240173514401
0 0.3885631802815476 0.5527920705241809 0.01571384725637621 0.029177316387147982
0 0.4103879681376257 0.5534128644898649 0.01815822349625705 0.03662684397535593
0 0.43779990168485966 0.5621039800094411 0.017809026890559708 0.03786843190672386
0 0.4667832199577315 0.553102467507023 0.017809026890559777 0.03476446207830406
0 0.5065916330072179 0.5487569097472351 0.017110633679165304 0.032281286215567986
0 0.5273688310462041 0.559931201129547 0.018856616707651385 0.03476446207830385
0 0.5467492426624015 0.555896040352601 0.01850742010195418 0.036626843975356
0 0.5928431946144386 0.5633455679408089 0.01850742010195418 0.03166049224988399
0 0.613096597744879 0.559000010181021 0.018507420101954112 0.02917731638714784
0 0.6330008042696222 0.560241598112389 0.018507420101954112 0.03786843190672379
0 0.6717467697905566 0.5557801948323532 0.026203233708200456 0.03381062413961345
0 0.7154892647711816 0.5523991324183918 0.02324480409598422 0.04057274896753611
0 0.751835685721266 0.564045014066481 0.021554272889003558 0.0398214017644338
0 0.8634107453819908 0.555404521230802 0.027471132113435884 0.04057274896753611
0 0.9608369098712447 0.5450643776824033 0.02896995708154506 0.051502145922746795
