0 0.40142952127659576 0.5452127659574468 0.026928191489361666 0.03723404255319146
0 0.5206117021276596 0.523936170212766 0.03191489361702132 0.04787234042553187
0 0.5872232244423471 0.5275133402415285 0.02130099294753215 0.042834783632195936
0 0.609571807206971 0.5389980286066826 0.020602599736137678 0.047180341391984015
0 0.6322695865772923 0.5448955712806804 0.02339617258171586 0.04159319570082786
0 0.6689352301755034 0.5566906566286766 0.021300992947532224 0.04035160776946
0 0.7015851128081962 0.5421019984351025 0.019555009919046143 0.038489225872407926
0 0.7223623108471827 0.5253405613616345 0.02269777937032117 0.04097240173514386
0 0.742615713977623 0.5129246820479545 0.021300992947532082 0.03724763794103986
0 0.7656626899536415 0.5247197673959506 0.021300992947532224 0.037247637941039996
0 0.8152145478942822 0.5289526527634059 0.025843211455504046 0.04176680639273364
0 0.8489409269044895 0.524875852131017 0.021935579842827905 0.034609470418684014
0 0.872247480487494 0.524875852131017 0.020838800850686567 0.03265964109932149
0 0.9371932578974805 0.5193680289805843 0.02002675116879999 0.03560311318897767
0 0.9624651105628709 0.5226175194700545 0.019708866229612595 0.034755420017811574
0 0.9860983262746078 0.5369050911372012 0.02383144067210054 0.04589758944256459
