0 0.04188565083085403 0.5948114720353331 0.015279801293863806 0.030053888124101036
0 0.06366749522848965 0.5936555532613293 0.018530822845749705 0.0369894007681242
0 0.09048842303154846 0.5968343298898401 0.01755551638018396 0.03525552260711841
0 0.11763445298979586 0.5849861624563002 0.019831231466504066 0.026586131802089453
0 0.13388956074922542 0.5725600356357584 0.01267898405235508 0.030631847511102917
0 0.14933191312068353 0.5644686042177313 0.017555516380183905 0.03294368505911066
0 0.17095120644072487 0.5693812590072478 0.016580209914618216 0.03583348199412043
0 0.20297376872680112 0.5728490153292594 0.017555516380183923 0.031209806898104802
0 0.23272061592655724 0.5751608528772673 0.013979392673109459 0.028897969350097058
0 0.2525518473930613 0.5748718731837663 0.021131640087258388 0.03063184751110299
0 0.5587881720634306 0.5766507135612092 0.02451270250121986 0.039070054561331065
0 0.4846161153571535 0.5774020607643119 0.022399538492494032 0.033059276936511
0 0.4155156522718184 0.5856668799984397 0.019441108880277794 0.030053888124100824
0 0.395863226990668 0.5822858175844783 0.015637413664571297 0.04132409617063871
0 0.3721957900929385 0.5706399359363892 0.02324480409598422 0.033059276936510854
0 0.29833845547967464 0.5766056521307129 0.01817321047504233 0.032307929733408326
0 0.31799088076082493 0.5720975689120977 0.01775057767329706 0.03831870735822861
0 0.33891120444721085 0.5811137353493281 0.020709007285513295 0.03831870735822875
