0 0.10721409574468085 0.35815602836879434 0.032912234042553196 0.05673758865248225
0 0.2623005319148936 0.3652482269503546 0.02992021276595743 0.05319148936170208
0 0.3535571808510639 0.35815602836879434 0.022938829787234098 0.053191489361702156
0 0.37749335106382986 0.348404255319149 0.024933510638297848 0.04432624113475171
0 0.4238696808510638 0.35460992907801425 0.027925531914893612 0.05673758865248225
0 0.6492686170212767 0.34751773049645396 0.023936170212765902 0.04964539007092192
0 0.6941489361702128 0.33333333333333326 0.027925531914893612 0.06737588652482267
0 0.7350398936170214 0.3395390070921986 0.03390957446808514 0.06560283687943258
0 0.8113364361702128 0.349290780141844 0.030917553191489446 0.04964539007092199
0 0.8464231973834714 0.35022344426346225 0.023614309768199605 0.05172658330177029
0 0.5239777637987589 0.3673617247818639 0.02396852441472241 0.03306003367547923
0 0.5454667856878205 0.35487237872668287 0.017769768100570217 0.04040670782558578
