0 0.18500664893617022 0.5691489361702128 0.02892287234042552 0.04964539007092199
0 0.2952250335028176 0.5472177848187911 0.021757634662674726 0.04059037467933834
0 0.35512568201857664 0.5453076495397634 0.019071506926542126 0.03390490120274144
0 0.3766147039076381 0.5613050325016203 0.015848153643182955 0.03342736738298455
0 0.39541759806056687 0.5562909273941726 0.019608732473768598 0.028174495365658386
0 0.426979598960126 0.5720495434461511 0.02095179634183495 0.03772517176079674
0 0.983876329787234 0.5452127659574468 0.030917553191489446 0.0549645390070922
0 0.8866356382978722 0.5505319148936171 0.02393617021276597 0.05141843971631211
0 0.8043550531914895 0.553191489361702 0.026928191489361666 0.05673758865248225
0 0.7805891955647689 0.5535319375478214 0.019071506926542126 0.04297804377812305
0 0.7552052884583149 0.5437424942428045 0.023637924077967512 0.038680239400310866
0 0.711421406359352 0.5501892008095228 0.025249600719647276 0.04775338197569219
0 0.6888579333758375 0.5423098927835337 0.01611676641679608 0.03390490120274151
0 0.6668316859395494 0.5353856523970584 0.023637924077967512 0.03724763794103993
0 0.6098857779335364 0.5442200280625614 0.02095179634183495 0.031039698284199915
0 0.5886653688180882 0.5406385244143845 0.02041457079460841 0.03438243502249847
0 0.45873999994040376 0.5558911981596686 0.021999386158926697 0.03290208018125185
0 0.4777712149509039 0.5406817460004106 0.018158223496256908 0.03600605000967192
0 0.49680242996140395 0.5301282485837827 0.016412240467770758 0.03973081380377586
0 0.5158336449719041 0.5350946003092546 0.018856616707651597 0.042213989666511936
