0 0.045378989361702135 0.36258865248226946 0.024933510638297872 0.051418439716312034
0 0.9275265957446809 0.3404255319148936 0.03590425531914889 0.06028368794326244
0 0.8786569148936171 0.34397163120567376 0.03191489361702139 0.06028368794326244
0 0.7465093085106383 0.3563829787234043 0.028922872340425555 0.053191489361702156
0 0.7066156914893618 0.3351063829787234 0.028922872340425555 0.05319148936170219
0 0.5959109042553191 0.3554964539007092 0.028922872340425412 0.05851063829787229
0 0.5605053191489362 0.35106382978723405 0.02792553191489368 0.06028368794326248
0 0.49617686170212766 0.34840425531914887 0.020944148936170207 0.04787234042553187
0 0.456781914893617 0.34131205673758863 0.0299202127659575 0.04787234042553191
0 0.41389627659574474 0.350177304964539 0.03191489361702132 0.05851063829787236
0 0.315217089835171 0.3583891317275703 0.02336931130435442 0.034859968842255284
0 0.2949368254273692 0.36722350739307336 0.0268612773613269 0.03342736738298455
0 0.199436956605175 0.35784512373076865 0.023142023572835447 0.04297804377812305
0 0.13600100177467145 0.36638610298474666 0.02024927062623101 0.03526403592051125
0 0.1557337093747231 0.34948875243950167 0.0200426454157593 0.03820270558055377
