0 0.025930851063829793 0.5868794326241135 0.029920212765957452 0.06737588652482258
0 0.12815824468085107 0.5647163120567376 0.022938829787234046 0.05141843971631211
0 0.18001994680851063 0.5673758865248227 0.030917553191489377 0.06382978723404249
0 0.2064494680851064 0.5771276595744681 0.025930851063829793 0.06560283687943262
0 0.24983377659574468 0.5939716312056738 0.02293882978723403 0.06028368794326248
0 0.28224734042553196 0.5806737588652482 0.01795212765957448 0.04787234042553187
0 0.29870803690964887 0.5633140428261216 0.0196049244845274 0.03421950455481152
0 0.3181347348079533 0.5541254721586261 0.01710975227740576 0.03992275531394661
0 0.33791788587870364 0.5607792647109505 0.02031783082941928 0.032952115497225945
0 0.3767712816753125 0.5652151264125 0.021743643519203104 0.03675428266998267
0 0.40439640253987386 0.564264584619311 0.018535564967189513 0.02851625379567615
0 0.4240013270244012 0.5699678353784461 0.022100096691649043 0.034853199083604236
0 0.47693462313262514 0.5598287229177612 0.018892018139635525 0.03612058814118988
0 0.4968960007895984 0.5645814318837075 0.018179111794743505 0.04309122795791076
0 0.515431565756788 0.5734531552868066 0.018892018139635595 0.03802167172756825
0 0.556911192215651 0.5638010279434146 0.02045589583670271 0.04114137524059636
0 0.5828426561298552 0.5761067071448429 0.017769768100570075 0.03857003928805924
0 0.602472051124671 0.5757393734373376 0.016943267258683222 0.03269269996797391
0 0.6775803151311505 0.5783107093898749 0.02293539836236377 0.030488697722942035
0 0.76541496988156 0.5741016925078363 0.026329424069572553 0.045193800701795156
