0 0.7126938599876189 0.3519616840998027 0.03072930130135788 0.045938753460616016
0 0.6620603521615177 0.36406716643064063 0.023046975976018444 0.04655954742629987
0 0.529365641996563 0.3646879603963247 0.025840548821596344 0.042834783632195936
0 0.49043022046131957 0.3454433474601207 0.021300992947532224 0.042834783632195866
0 0.3845814310654238 0.36706820861955036 0.026888138638688233 0.036626843975356
0 0.34931257389000164 0.36148106292839427 0.029681711484266203 0.04407637156356394
0 0.27894945784200587 0.34875478663187237 0.020951796341834913 0.043455577597879935
0 0.24926774635773966 0.35030677154608225 0.021650189553229532 0.03662684397535593
0 0.19968182834873027 0.35496272628871234 0.02584054882159645 0.04469716552924794
0 0.09175531914893618 0.3634751773049645 0.03590425531914893 0.05673758865248225
