0 0.3296210106382979 0.349290780141844 0.03490691489361701 0.05319148936170208
0 0.4817154255319149 0.3537234042553192 0.037898936170212706 0.05851063829787236
0 0.5774601063829787 0.3599290780141844 0.025930851063829863 0.053191489361702156
0 0.597905585106383 0.3386524822695035 0.030917553191489377 0.06028368794326237
0 0.6467752659574469 0.3457446808510638 0.02692819148936181 0.05673758865248228
0 0.7524933510638298 0.3590425531914893 0.02293882978723403 0.05141843971631211
0 0.7789228723404256 0.3404255319148936 0.027925531914893612 0.05319148936170212
0 0.8806515957446809 0.3351063829787233 0.0299202127659575 0.06737588652482267
0 0.9295212765957447 0.3289007092198581 0.02593085106382972 0.04787234042553187
0 0.9719082446808511 0.3315602836879432 0.030917553191489446 0.04964539007092195
