0 0.8286614806866953 0.5869098712446352 0.027762875536480606 0.04935622317596561
0 0.36634924892703863 0.5783261802575107 0.027762875536480748 0.04935622317596561
0 0.2963385193133047 0.5858369098712446 0.027762875536480644 0.051502145922746795
0 0.22909289184465834 0.5921644735095198 0.013190958114160907 0.02442770021140916
0 0.2137034407114706 0.592408750511634 0.014839827878431038 0.030778902266375637
0 0.18910780006110797 0.581660562418614 0.019511625543863077 0.027847578241006376
0 0.15805408616735409 0.5889888724820367 0.018412379034349637 0.032733118283288294
0 0.1381302431824235 0.5848361634460971 0.01538945113318773 0.0312674562706038
0 0.12150413972603313 0.5806834544101577 0.013465769741539315 0.03371022629174469
0 0.0773968735318075 0.5828819474291845 0.019236813916484713 0.030290348262147403
